Region	Unit	Date	FireNumber	TotalAcres	Fire Name	Year	CAUSE_USFS	Latitude	Longitude
3	SLU	1/7/2013	170	0		2013	10	35.390467	-120.8386
3	SLU	1/11/2013	260	0.1		2013	1	35.42485	-120.78118
3	SLU	1/13/2013	317	0		2013	9	35.038833	-120.48925
3	SLU	1/16/2013	396	0		2013	10	35.239117	-120.63187
3	SLU	1/20/2013	531	0		2013	9	35.661167	-120.50488
3	SLU	1/21/2013	556	0.1		2013	8	35.775567	-121.32707
3	SLU	1/21/2013	565	0		2013	9	35.745033	-120.6851
3	SLU	1/27/2013	714	0.05		2013	1	35.137083	-120.6295
3	SLU	1/27/2013	742	0		2013	9	35.09695	-120.37787
3	SLU	1/31/2013	824	0		2013	1	35.230333	-120.62967
3	SLU	1/31/2013	837	0		2013	9	35.01555	-120.53572
3	SLU	2/2/2013	878	0		2013	9	35.028883	-120.4879
3	SLU	2/3/2013	891	0		2013	4	35.04005	-120.47228
3	SLU	2/4/2013	920	0		2013	9	35.69595	-120.70103
3	SLU	2/10/2013	1070	0		2013	9	35.18645	-120.69693
3	SLU	2/11/2013	1097	0		2013	10	35.703233	-120.69423
3	SLU	2/12/2013	1129	0.1		2013	3	35.568367	-121.10207
3	SLU	2/16/2013	1209	0		2013	6	35.1711	-120.75602
3	SLU	2/20/2013	1341	1		2013	8	35.1413	-120.61877
3	SLU	2/27/2013	1516	0		2013	9	35.727233	-120.88793
3	SLU	3/3/2013	1615	0.1		2013	12	34.99015	-120.43033
3	SLU	3/4/2013	1642	0		2013	7	35.3488	-120.63063
3	SLU	3/4/2013	1660	0		2013	9	35.01765	-120.47942
3	SLU	3/6/2013	1689	0		2013	7	35.329933	-120.82433
3	SLU	3/6/2013	1709	0.1		2013	3	35.292883	-120.81092
3	SLU	3/11/2013	1828	0		2013	10	35.0465	-120.56257
3	SLU	3/13/2013	1893	0		2013	6	35.061983	-120.9085
3	SLU	3/16/2013	1958	2.3		2013	5	35.4001	-120.46605
3	SLU	3/25/2013	2203	1.5		2013	5	35.780933	-120.99138
3	SLU	3/26/2013	2227	1.5		2013	10	35.330767	-120.81643
3	SLU	3/27/2013	2252	1		2013	1	35.0396	-120.47855
3	SLU	3/28/2013	2283	0		2013	10	35.023	-120.50972
3	SLU	3/28/2013	2288	0		2013	9	35.695833	-120.6965
3	SLU	3/30/2013	2349	1		2013	6	35.039417	-120.47875
3	SLU	4/2/2013	2414	1		2013	12	35.02045	-120.48653
3	SLU	4/4/2013	2454	0		2013	10	35.02	-120.49035
3	SLU	4/9/2013	2573	0.5		2013	10	35.4825	-120.4268
3	SLU	4/12/2013	2652	0.25		2013	9	35.325367	-120.72762
3	SLU	4/12/2013	2655	0		2013	1	35.333067	-120.6236
3	SLU	4/12/2013	2661	0		2013	9	35.71855	-120.56027
3	SLU	4/13/2013	2677	1		2013	10	35.03475	-120.48222
3	SLU	4/13/2013	2700	0		2013	9	35.16505	-120.59443
3	SLU	4/20/2013	2858	0.1		2013	7	35.451417	-120.47905
3	SLU	4/22/2013	2932	1		2013	5	35.40175	-120.56943
3	SLU	4/25/2013	3023	0.25		2013	3	35.311817	-120.81335
3	SLU	4/25/2013	3026	0.5		2013	9	35.669767	-120.60553
3	SLU	4/28/2013	3098	0		2013	10	35.02575	-120.47237
3	SLU	4/28/2013	3110	0		2013	9	35.77295	-120.69272
3	SLU	4/28/2013	3111	0.25		2013	1	35.665567	-120.98828
3	SLU	4/29/2013	3129	3		2013	7	35.21615	-120.55985
3	SLU	4/29/2013	3142	0.25		2013	1	35.65765	-120.37605
3	SLU	5/2/2013	3207	9.8		2013	12	35.695133	-120.24327
3	SLU	5/3/2013	3227	1		2013	10	35.158833	-120.63335
3	SLU	5/3/2013	3236	0.02		2013	7	35.210467	-120.55918
3	SLU	5/3/2013	3251	1		2013	1	35.383167	-120.6304
3	SLU	5/3/2013	3258	0		2013	10	35.330383	-119.96915
3	SLU	5/4/2013	3289	0		2013	9	35.038583	-120.47617
3	SLU	5/5/2013	3313	1		2013	1	35.008483	-120.49028
3	SLU	5/5/2013	3315	0		2013	7	35.77485	-120.89115
3	SLU	5/7/2013	3358	0		2013	9	35.153433	-120.59575
3	SLU	5/8/2013	3376	0		2013	10	35.188083	-120.70087
3	SLU	5/10/2013	3440	3		2013	9	35.18645	-120.44383
3	SLU	5/12/2013	3502	0.1		2013	9	35.352517	-120.7898
3	SLU	5/13/2013	3532	0.1		2013	12	35.518883	-121.0412
3	SLU	5/13/2013	3534	0.1		2013	7	35.519267	-120.52563
3	SLU	5/16/2013	3607	0		2013	9	35.018417	-120.49347
3	SLU	5/16/2013	3609	0		2013	9	35.731917	-120.90407
3	SLU	5/20/2013	3706	30		2013	1	35.5032	-120.91215
3	SLU	5/22/2013	3751	0		2013	10	35.048417	-120.46547
3	SLU	5/23/2013	3797	1		2013	5	35.59465	-120.66245
3	SLU	5/23/2013	3802	1		2013	10	35.494833	-120.51225
3	SLU	5/24/2013	3841	0.25		2013	1	35.55675	-120.68122
3	SLU	5/25/2013	3852	1		2013	7	35.136717	-120.57142
3	SLU	5/25/2013	3857	2		2013	12	35.470733	-120.2269
3	SLU	5/25/2013	3868	5.9		2013	1	35.513867	-120.6341
3	SLU	5/26/2013	3894	5.2		2013	1	35.52495	-120.76385
3	SLU	5/27/2013	3913	0.1		2013	1	35.7449	-120.27348
3	SLU	5/27/2013	3929	0.07		2013	12	34.74055	-120.87987
3	SLU	5/29/2013	3979	2		2013	7	35.5054	-121.01882
3	SLU	5/29/2013	3983	0.1		2013	7	35.747683	-120.70172
3	SLU	5/30/2013	4007	16		2013	9	35.344883	-120.76675
3	SLU	5/31/2013	4031	1		2013	7	35.4441	-120.61342
3	SLU	6/1/2013	4065	0		2013	10	35.0356	-120.4959
3	SLU	6/1/2013	4066	9		2013	1	35.176517	-120.52315
3	SLU	6/2/2013	4100	0		2013	7	35.648083	-120.36372
3	SLU	6/3/2013	4143	0.05		2013	1	35.511633	-120.63418
3	SLU	6/4/2013	4165	1		2013	12	35.012917	-120.50328
3	SLU	6/7/2013	4242	0.25		2013	3	35.621867	-120.70358
3	SLU	6/10/2013	4329	0.1		2013	1	34.974917	-120.5075
3	SLU	6/13/2013	4411	7		2013	10	35.487267	-120.59325
3	SLU	6/13/2013	4413	1		2013	12	35.445117	-120.60738
3	SLU	6/15/2013	4452	1		2013	10	34.996267	-120.43458
3	SLU	6/15/2013	4461	9		2013	1	35.626567	-120.52087
3	SLU	6/16/2013	4513	0		2013	9	35.747633	-120.87213
3	SLU	6/17/2013	4545	0.25		2013	12	35.564167	-120.58617
3	SLU	6/18/2013	4566	0		2013	9	35.142033	-120.56312
3	SLU	6/19/2013	4604	0.3		2013	9	35.19885	-120.45862
3	SLU	6/20/2013	4632	1		2013	1	35.693133	-120.68347
3	SLU	6/23/2013	4737	2		2013	10	35.441617	-120.61777
3	SLU	6/23/2013	4738	0		2013	1	35.644767	-120.62995
3	SLU	6/24/2013	4764	0		2013	10	35.017033	-120.47975
3	SLU	6/25/2013	4812	3		2013	5	35.351317	-120.77658
3	SLU	6/25/2013	4831	1		2013	9	35.10485	-120.38735
3	SLU	6/28/2013	4923	2.5		2013	1	35.317067	-120.62138
3	SLU	6/28/2013	4936	1		2013	1	35.57165	-120.12508
3	SLU	6/28/2013	4938	0.1		2013	12	35.296383	-120.63028
3	SLU	6/29/2013	4967	0.1		2013	10	35.317083	-120.62102
3	SLU	7/1/2013	5054	0.5		2013	9	35.172367	-120.71848
3	SLU	7/3/2013	5121	0.2		2013	1	35.317083	-120.62102
3	SLU	7/3/2013	5138	0		2013	9	35.563533	-120.4695
3	SLU	7/4/2013	5158	0.1		2013	1	35.7156	-120.58178
3	SLU	7/4/2013	5163	6		2013	10	35.2229	-120.58467
3	SLU	7/5/2013	5240	0.1		2013	1	35.033717	-120.49213
3	SLU	7/5/2013	5241	0		2013	10	35.035483	-120.52737
3	SLU	7/6/2013	5268	0.1		2013	3	35.756067	-120.89663
3	SLU	7/7/2013	5308	80		2013	1	35.622233	-120.83608
3	SLU	7/7/2013	5332	0		2013	10	35.0108	-120.56753
3	SLU	7/9/2013	5375	9.4		2013	1	35.523933	-120.65895
3	SLU	7/10/2013	5415	0.05		2013	8	35.038983	-120.48137
3	SLU	7/11/2013	5438	4.9		2013	1	35.73895	-120.2103
3	SLU	7/12/2013	5473	0.5		2013	9	35.655483	-120.39977
3	SLU	7/13/2013	5500	1		2013	1	35.657967	-120.37372
3	SLU	7/13/2013	5509	0.1		2013	7	35.4379	-120.60842
3	SLU	7/15/2013	5593	1.13		2013	7	35.55025	-120.79147
3	SLU	7/15/2013	5598	1		2013	10	35.370067	-120.40632
3	SLU	7/15/2013	5601	0.25		2013	10	35.734133	-120.28615
3	SLU	7/15/2013	5602	6		2013	1	35.105217	-120.63125
3	SLU	7/15/2013	5612	0.1		2013	12	35.1894	-120.5583
3	SLU	7/16/2013	5637	2		2013	1	35.664117	-120.69192
3	SLU	7/16/2013	5647	0		2013	10	35.462283	-120.6224
3	SLU	7/17/2013	5668	0		2013	7	35.13715	-120.63535
3	SLU	7/20/2013	5740	0.5		2013	10	35.710783	-120.31047
3	SLU	7/21/2013	5769	1		2013	10	35.50945	-120.4868
3	SLU	7/22/2013	5793	0		2013	6	35.282383	-120.78812
3	SLU	7/22/2013	5810	0.1		2013	1	35.571867	-120.69843
3	SLU	7/26/2013	5941	1		2013	1	35.539083	-120.61083
3	SLU	7/27/2013	5971	0.02		2013	1	35.386617	-120.1656
3	SLU	7/27/2013	5972	1		2013	10	35.457083	-120.33163
3	SLU	7/29/2013	6029	0.25		2013	10	35.78015	-120.20688
3	SLU	7/31/2013	6064	0.1		2013	1	35.449983	-120.93258
3	SLU	8/1/2013	6103	0.1		2013	6	35.038583	-120.50488
3	SLU	8/1/2013	6105	1		2013	1	35.035233	-120.50027
3	SLU	8/3/2013	6160	0		2013	9	35.313333	-120.83533
3	SLU	8/3/2013	6171	0.28		2013	1	34.998567	-120.43607
3	SLU	8/4/2013	6220	4		2013	3	35.711017	-120.9659
3	SLU	8/6/2013	6293	0		2013	7	35.244183	-120.5929
3	SLU	8/8/2013	6335	0.1		2013	1	35.333067	-120.6236
3	SLU	8/8/2013	6341	0		2013	10	35.156467	-120.60317
3	SLU	8/9/2013	6366	0		2013	10	35.755517	-120.90102
3	SLU	8/11/2013	6437	8.6		2013	12	35.376833	-120.2211
3	SLU	8/12/2013	6465	1		2013	1	34.99765	-120.38005
3	SLU	8/13/2013	6492	1		2013	12	35.027683	-120.5306
3	SLU	8/13/2013	6497	0		2013	1	35.030867	-120.48658
3	SLU	8/15/2013	6546	0.2		2013	1	35.6956	-120.69527
3	SLU	8/16/2013	6573	0.1		2013	1	35.072	-120.51942
3	SLU	8/19/2013	6656	1		2013	1	35.549133	-120.62768
3	SLU	8/20/2013	6684	0.1		2013	1	35.56975	-120.69978
3	SLU	8/27/2013	6865	0.25		2013	12	35.268633	-120.63448
3	SLU	8/27/2013	6873	0		2013	1	35.72875	-120.86445
3	SLU	8/28/2013	6884	0		2013	9	35.0169	-120.47992
3	SLU	9/1/2013	7041	0		2013	9	35.335833	-119.97353
3	SLU	9/7/2013	7216	0		2013	9	35.47315	-120.97593
3	SLU	9/11/2013	7338	0		2013	9	35.021917	-120.50903
3	SLU	9/12/2013	7355	0		2013	10	35.322767	-120.84042
3	SLU	9/13/2013	7367	0		2013	10	35.317083	-120.62102
3	SLU	9/13/2013	7392	0.25		2013	1	35.660517	-120.77053
3	SLU	9/16/2013	7488	0.2		2013	1	35.435583	-120.28543
3	SLU	9/19/2013	7554	0.27		2013	1	35.342267	-120.36562
3	SLU	9/24/2013	7708	94		2013	12	35.43935	-120.8358
3	SLU	9/24/2013	7721	1.5		2013	1	35.1252	-120.60543
3	SLU	9/25/2013	7747	2		2013	9	35.433133	-120.62757
3	SLU	9/26/2013	7763	0.1		2013	1	35.03595	-120.49437
3	SLU	9/26/2013	7777	0		2013	9	35.042167	-120.47515
3	SLU	9/27/2013	7795	0		2013	1	35.316967	-120.82827
3	SLU	9/27/2013	7795	0		2013	9	35.316967	-120.82827
3	SLU	9/27/2013	7795	0		2013	9	35.316967	-120.82827
3	SLU	9/28/2013	7846	0		2013	10	35.399367	-120.61297
3	SLU	9/28/2013	7852	0		2013	7	35.071833	-120.51358
3	SLU	10/5/2013	8061	0		2013	10	35.516067	-121.04887
3	SLU	10/5/2013	8072	2		2013	1	35.555033	-120.62343
3	SLU	10/7/2013	8128	0		2013	7	35.383233	-120.63003
3	SLU	10/9/2013	8198	0		2013	9	35.0368	-120.48468
3	SLU	10/13/2013	8326	0.05		2013	1	35.02195	-120.48878
3	SLU	10/13/2013	8331	0		2013	10	35.588817	-120.7199
3	SLU	10/14/2013	8358	1		2013	10	35.237383	-120.63463
3	SLU	10/17/2013	8430	7.5		2013	4	35.168583	-120.64078
3	SLU	10/18/2013	8460	0		2013	9	35.5799	-120.42437
3	SLU	10/18/2013	8484	0.12		2013	4	35.0368	-120.48468
3	SLU	10/21/2013	8562	0		2013	9	35.010017	-120.44245
3	SLU	10/25/2013	8657	0.1		2013	1	35.3016	-120.67618
3	SLU	10/25/2013	8679	0		2013	9	35.587483	-120.5856
3	SLU	10/26/2013	8710	0.1		2013	4	35.74165	-120.88433
3	SLU	11/1/2013	8896	0		2013	9	35.0421	-120.47507
3	SLU	11/2/2013	8907	0		2013	9	35.426117	-120.6214
3	SLU	11/8/2013	9076	0.1		2013	9	35.709267	-120.59687
3	SLU	11/8/2013	9080	0		2013	7	35.693067	-120.64073
3	SLU	11/8/2013	9081	1		2013	10	35.050317	-120.59315
3	SLU	11/8/2013	9086	51		2013	7	35.461817	-120.77272
3	SLU	11/8/2013	9097	0.1		2013	1	35.6614	-120.41405
3	SLU	11/16/2013	9314	0		2013	9	35.131383	-120.62835
3	SLU	11/16/2013	9325	0		2013	9	35.65625	-120.37725
3	SLU	11/18/2013	9347	0		2013	9	35.559633	-121.10452
3	SLU	11/18/2013	9363	0		2013	1	35.317083	-120.62102
3	SLU	11/26/2013	9555	0		2013	7	35.504317	-120.6523
3	SLU	11/28/2013	9605	0.25		2013	3	35.229633	-120.74273
3	SLU	11/28/2013	9608	0		2013	9	35.703617	-120.69338
3	SLU	12/1/2013	9677	0		2013	10	35.083767	-120.58962
3	SLU	12/5/2013	9827	0		2013	10	35.014983	-120.4849
3	SLU	12/10/2013	9972	2.5		2013	9	35.341933	-120.70373
3	SLU	12/12/2013	10038	0		2013	1	35.74365	-120.229
3	SLU	12/13/2013	10068	0		2013	6	35.6054	-120.72033
3	SLU	12/14/2013	10113	1		2013	1	35.4356	-120.47713
3	SLU	12/14/2013	10116	0		2013	9	35.652267	-120.57875
3	SLU	12/15/2013	10139	0		2013	10	35.52635	-120.81475
3	SLU	12/15/2013	10152	0		2013	11	35.31285	-120.8262
3	SLU	12/16/2013	10161	1		2013	7	35.2618	-120.62853
3	SLU	12/16/2013	10168	1		2013	10	35.34025	-120.62398
3	SLU	12/17/2013	10192	0		2013	9	35.036733	-120.493
3	SLU	12/18/2013	10232	0		2013	7	35.566683	-120.60043
3	SLU	12/25/2013	10401	0.1		2013	1	35.5581	-121.07728
3	SLU	12/25/2013	10403	0		2013	7	35.576117	-120.70435
3	SLU	12/28/2013	10529	1		2013	5	35.566867	-120.74422
3	SLU	12/28/2013	10533	0		2013	10	35.739867	-120.86902
3	SLU	12/30/2013	10580	0.1		2013	9	35.727883	-120.85987
